 722682203889614848
 848511075935039492
 18474156
 14637199
 4192949183
 33473850
 3228183752
 60052133
 473953080
 35432497
 56052362
 3182425577
 1042047727
 195801490
 35455100
 3886711
 14919644
 1259749330816286720
 1235631080931299329
 1040246229895204865
 2467657808
 47040514
 794434423
 302971361
 804535273
 37960888
 933990392
 2997253260
 1107190434
 504604552
 2426169308
 173418313
 3089415056
 434191277
 2438376520
 3185505967
 372226447
 114894966
 1073683453210693632
 2193733235
 2737410751
 1266962011
 3085601286
 713312056259317760
 949981322
 487678053
 1145488129
 3039661429
 108001670
 1338480302
 2657146262
 40183789
 47181372
 3077148362
 347294614
 915228174480547840
 62082091
 744601892
 144495837
 47355706
 1243625032917692419
 122127254
 1224149179
 2708901050
 241435654
 36183930
 3432981237
 3013098913
 1236892880444231680
 1058684971102191617
 865136242446520320
 361051175
 58177215
 756778628466241537
 555396696
 310150228
 47176240
 261305739
 6899022
 40062515
 533623327
 3075359504
 754585117297868800
 547921022
 621078826
 72026060
 3317904362
 830805801476485120
 1025334823106306048
 986302256
 786911408726343681
 60557246
 60527154
 2922009763
 2993328042
 2999683957
 797905613145735168
 793879086
 4014842537
 370564325
 3176153300
 385026414
 359299032
 2465737627
 172021935
 321877806
 742725456793899008
 25957998
 1015176121
 17061263
 3185280620
 3221813461
 390702143
 1361639886697230339
 594603685
 3012447072
 804249337672908800
 1379713510528200706
 325609507
 720543602720534530
 4229480969
 1210991740640882690
 824933986560573441
 2169100095
 151731997
 830442695931858945
 45139191
 804249337672908800
 729188285411688450
 1107178933
 3269234203
 928581456
 1592165797459333120
 2946300174
 792820132355665924
 3180190236
 2602165590
 955180898
 921423540657754115
 1082167187006242817
 57535118
 1109109982644056064
 1084841922521387008
 4009506983
 917451193
 51563363
 1104738286231277569
 3897402303
 716347920287678464
 1554944998625476608
 1571815187249774592
 216256233
 39465137
 3254559126
 287610527
 3014350315
 2188097089
 1017983142
 15969329
 38826429
 333293655
 25269171
 227968650
 1511654199766962180
 3080357672
 828683042935996417
 914528861253193728
 73709354
 52449782
 1113446914790391809
 1142060959
 337846109
 60260247
 2508060262
 55848376
 791904719023243264
 998197361380937728
 963666527210934274
 277535697
 951025784709439488
 3888748155
 4820731931
 1561430327263993861
 1316409606801969152
 39827060
 2401247167
 325520362
 937636729917444096
 218535563
 1444732620990996482
 1384906994016997379
 51727137
 88007289
 1169615444
 59439418
 22038406
 16324095
 1245818725678358529
 1090692177964032007
 3147881576
 1411373799421976578
 113185286
 856543261
 2723110706
 1620330721142345728
 1619701820867153921
 1550239293435793408
 1637772887258955776
 12631822
 2201081032
 2997253260
 1036701516919394304
 1059789854899355649
 977910250132135938
 971691259
 1653805913503932416
 1623347977988280323
 1363549185681858562
 1470351743963828225
 1630510649645121536
 817386161534541824
 256851952
 1024261265772957699
 333381793
 3187868503
 1636396737085448200
 389214426
 30539818
 13197402
 287610527
 327746094
 3180190236
 17865618
 1042040671421558789
 1353410705807048704
 917451193
 800400124786528256
 1207039513215811586
 1405232474066726918
 1136566956
 201279013
 4651329203
 876408437814558724
 1316023094
